1.00000000000000000000000000000000000000000000000000
0.01051952072249935296599510081705375341698527336121
0.00000775864764679777964111184740403359683114103973
0.00000000254206140443447043043094999684086005009576
0.00000000000081000847694240892727079361785724544750
0.00000000000000025797224987623927903161008388459509
0.00000000000000000008215541046812389644158973916224
0.00000000000000000000002622845246946828059772491523
0.00000000000000000000000000992061301546580852314769
0.00000000000000000000000000036780772608834996065865
