0.00000033600000000000004000000000000000000000000000
0.00000070460696852278150000000000000000000000000000
0.00000100267651589356680000000000000000000000000000
0.00000116495554627487890000000000000000000000000000
0.00000118256096322253090000000000000000000000000000
0.00000109672477040128890000000000000000000000000000
0.00000097314094042708218000000000000000000000000000
0.00000087041308873297075000000000000000000000000000
0.00000081726957786054615000000000000000000000000000
0.00000080738739196875666000000000000000000000000000
0.00000081129186084754072000000000000000000000000000
0.00000079679251192105355000000000000000000000000000
0.00000074656961449879957000000000000000000000000000
0.00000066467661984376579000000000000000000000000000
0.00000057057985510102051000000000000000000000000000
0.00000048597212986408139000000000000000000000000000
0.00000042258123027908166000000000000000000000000000
0.00000037743674928484467000000000000000000000000000
0.00000033708357547050499000000000000000000000000000
0.00000028710998274781968000000000000000000000000000
0.00000022089486636799374000000000000000000000000000
0.00000014270774430758459000000000000000000000000000
0.00000006410089958064011000000000000000000000000000
-0.00000000351183780683678040000000000000000000000000
-0.00000005534145744642559400000000000000000000000000
-0.00000009510171090387380200000000000000000000000000
-0.00000013168394535364461000000000000000000000000000
-0.00000017313840281848675000000000000000000000000000
-0.00000022180164316205232000000000000000000000000000
-0.00000027336530874539158000000000000000000000000000
-0.00000032009916662342589000000000000000000000000000
-0.00000035597906831850508000000000000000000000000000
-0.00000038056530478354368000000000000000000000000000
-0.00000039951926877425224000000000000000000000000000
-0.00000042183667147086108000000000000000000000000000
-0.00000045579510845766438000000000000000000000000000
-0.00000050612060614149009000000000000000000000000000
-0.00000057377349397673561000000000000000000000000000
-0.00000065784131832898901000000000000000000000000000
-0.00000075756373823782686000000000000000000000000000
-0.00000087242815709627776000000000000000000000000000
-0.00000099961415079573156000000000000000000000000000
-0.00000113000376484574640000000000000000000000000000
-0.00000124533149444724810000000000000000000000000000
-0.00000131898411224275030000000000000000000000000000
-0.00000132144733390952660000000000000000000000000000
-0.00000122919438567519440000000000000000000000000000
-0.00000103401815442913290000000000000000000000000000
-0.00000074926370252408598000000000000000000000000000
-0.00000041031282492279025000000000000000000000000000
-0.00000006854759364194021700000000000000000000000000
0.00000021990895672977996000000000000000000000000000
0.00000040780636342989096000000000000000000000000000
0.00000046915370199387703000000000000000000000000000
0.00000040697312127916013000000000000000000000000000
0.00000025394726643794701000000000000000000000000000
0.00000006505246743978280700000000000000000000000000
-0.00000009668558125146381800000000000000000000000000
-0.00000017797832304724952000000000000000000000000000
-0.00000015154035548176210000000000000000000000000000